20x20

Not optimized:
ADDS=18446742003884518271 MULTS=18446741720228050899
TOTAL=36893483720000000000

RDTSC instruction: 330200238680 cycles measured

PERFORMANCE=111730639.164539807 ?!?

Not optimized after revision:
ADDS=207867622201 MULTS=71400703283
TOTAL=279268325484

PERFORMANCE=0.845754463

Optimized:
ADDS=68007655249 MULTS=23361617717
TOTAL=91369272966

RDTSC instruction: 141901089670 cycles measured

PERFORMANCE=0.64389409